% Author: Dalton H Bermudez (UW Madison)
% Accessment of beam profile symmetry of real clinical beam profiles,
% comparing proposed correlative symmetric index (CSI) with standard Point
% wise Quotient and Area based metrics
X1 = [-15
-14.8
-14.6
-14.4
-14.2
-14
-13.8
-13.6
-13.4
-13.2
-13
-12.8
-12.6
-12.4
-12.2
-12
-11.8
-11.6
-11.4
-11.2
-11
-10.8
-10.6
-10.4
-10.2
-10
-9.8
-9.6
-9.4
-9.2
-9
-8.8
-8.6
-8.4
-8.2
-8
-7.8
-7.6
-7.4
-7.2
-7
-6.8
-6.6
-6.4
-6.2
-6
-5.8
-5.6
-5.4
-5.2
-5
-4.8
-4.6
-4.4
-4.2
-4
-3.8
-3.6
-3.4
-3.2
-3
-2.8
-2.6
-2.4
-2.2
-2
-1.8
-1.6
-1.4
-1.2
-1
-0.8
-0.6
-0.4
-0.2
0
0.2
0.4
0.6
0.8
1
1.2
1.4
1.6
1.8
2
2.2
2.4
2.6
2.8
3
3.2
3.4
3.6
3.8
4
4.2
4.4
4.6
4.8
5
5.2
5.4
5.6
5.8
6
6.2
6.4
6.6
6.8
7
7.2
7.4
7.6
7.8
8
8.2
8.4
8.6
8.8
9
9.2
9.4
9.6
9.8
10
10.2
10.4
10.6
10.8
11
11.2
11.4
11.6
11.8
12
12.2
12.4
12.6
12.8
13
13.2
13.4
13.6
13.8
14
14.2
14.4
14.6
14.8
15];
X2 = [-16
-15.8
-15.6
-15.4
-15.2
-15
-14.8
-14.6
-14.4
-14.2
-14
-13.8
-13.6
-13.4
-13.2
-13
-12.8
-12.6
-12.4
-12.2
-12
-11.8
-11.6
-11.4
-11.2
-11
-10.8
-10.6
-10.4
-10.2
-10
-9.8
-9.6
-9.4
-9.2
-9
-8.8
-8.6
-8.4
-8.2
-8
-7.8
-7.6
-7.4
-7.2
-7
-6.8
-6.6
-6.4
-6.2
-6
-5.8
-5.6
-5.4
-5.2
-5
-4.8
-4.6
-4.4
-4.2
-4
-3.8
-3.6
-3.4
-3.2
-3
-2.8
-2.6
-2.4
-2.2
-2
-1.8
-1.6
-1.4
-1.2
-1
-0.8
-0.6
-0.4
-0.2
0
0.2
0.4
0.6
0.8
1
1.2
1.4
1.6
1.8
2
2.2
2.4
2.6
2.8
3
3.2
3.4
3.6
3.8
4
4.2
4.4
4.6
4.8
5
5.2
5.4
5.6
5.8
6
6.2
6.4
6.6
6.8
7
7.2
7.4
7.6
7.8
8
8.2
8.4
8.6
8.8
9
9.2
9.4
9.6
9.8
10
10.2
10.4
10.6
10.8
11
11.2
11.4
11.6
11.8
12
12.2
12.4
12.6
12.8
13
13.2
13.4
13.6
13.8
14
14.2
14.4
14.6
14.8
15
15.2
15.4
15.6
15.8
16];
X3= [-17
-16.8
-16.6
-16.4
-16.2
-16
-15.8
-15.6
-15.4
-15.2
-15
-14.8
-14.6
-14.4
-14.2
-14
-13.8
-13.6
-13.4
-13.2
-13
-12.8
-12.6
-12.4
-12.2
-12
-11.8
-11.6
-11.4
-11.2
-11
-10.8
-10.6
-10.4
-10.2
-10
-9.8
-9.6
-9.4
-9.2
-9
-8.8
-8.6
-8.4
-8.2
-8
-7.8
-7.6
-7.4
-7.2
-7
-6.8
-6.6
-6.4
-6.2
-6
-5.8
-5.6
-5.4
-5.2
-5
-4.8
-4.6
-4.4
-4.2
-4
-3.8
-3.6
-3.4
-3.2
-3
-2.8
-2.6
-2.4
-2.2
-2
-1.8
-1.6
-1.4
-1.2
-1
-0.8
-0.6
-0.4
-0.2
0
0.2
0.4
0.6
0.8
1
1.2
1.4
1.6
1.8
2
2.2
2.4
2.6
2.8
3
3.2
3.4
3.6
3.8
4
4.2
4.4
4.6
4.8
5
5.2
5.4
5.6
5.8
6
6.2
6.4
6.6
6.8
7
7.2
7.4
7.6
7.8
8
8.2
8.4
8.6
8.8
9
9.2
9.4
9.6
9.8
10
10.2
10.4
10.6
10.8
11
11.2
11.4
11.6
11.8
12
12.2
12.4
12.6
12.8
13
13.2
13.4
13.6
13.8
14
14.2
14.4
14.6
14.8
15
15.2
15.4
15.6
15.8
16
16.2
16.4
16.6
16.8
17];
PPD_1 = [0.029736486
0.031069132
0.032119685
0.033724697
0.035154616
0.036817992
0.03847164
0.039969651
0.042382032
0.044113499
0.045913057
0.048675622
0.051496552
0.054113207
0.057080046
0.060124705
0.063529274
0.067585576
0.07167106
0.077429647
0.087020807
0.104063111
0.154907931
0.316644456
0.547668842
0.775463751
0.915080299
0.953055845
0.966567124
0.972880169
0.976245829
0.981099773
0.983181425
0.985545169
0.986021809
0.987276636
0.987860276
0.987052907
0.988949739
0.988969194
0.99044775
0.990613114
0.990292112
0.98964038
0.989922473
0.990729843
0.990622842
0.989980837
0.989961382
0.989533379
0.987597638
0.987140453
0.985477078
0.984659981
0.984679435
0.983230061
0.981021955
0.980360495
0.980341041
0.980496678
0.981663959
0.981975234
0.980448041
0.980457769
0.981080319
0.979669854
0.979115395
0.977646567
0.976265284
0.976177738
0.976002646
0.975564915
0.97510773
0.973561083
0.973269263
0.974767273
0.976508468
0.976031828
0.978677665
0.980350768
0.980739862
0.983006333
0.984669708
0.983687246
0.98565217
0.984358433
0.986829178
0.987578184
0.984864255
0.986887542
0.987967277
0.988833011
0.989873836
0.990010019
0.992801766
0.991877669
0.995574059
0.996488429
0.995243329
0.997587619
0.998025349
0.998249078
1
0.999416359
0.999250995
0.99860899
0.998881356
0.997918349
0.998677081
0.998540899
0.99784053
0.998054531
0.9962647
0.994961237
0.996177154
0.995846425
0.992169489
0.991430211
0.988998376
0.986770814
0.982364328
0.976245829
0.965750027
0.939213836
0.835286908
0.622968201
0.38160365
0.187883622
0.113177631
0.09162184
0.080921763
0.074297443
0.069589409
0.065640108
0.062235538
0.058976878
0.056175403
0.053490657
0.050815638
0.048033618
0.045844966
0.043500676
0.041847028
0.039755649
0.037644816
0.036613717
0.034561248
0.033141056
0.031934866
0.030767585
0.029269574];
PPD_2 =[0.055071439
0.056627529
0.059060688
0.061748479
0.064068468
0.067109917
0.070108926
0.073447447
0.076842552
0.080124487
0.08360447
0.087706889
0.092403452
0.097184892
0.101839015
0.106974112
0.113113595
0.118956005
0.125873532
0.133781299
0.144433442
0.159244589
0.187112746
0.263700665
0.422718914
0.617187721
0.781666431
0.865369925
0.896208799
0.909633612
0.919903805
0.927104258
0.935549583
0.941406139
0.946017824
0.950304145
0.956217287
0.959400198
0.962526524
0.965907483
0.969472344
0.971863064
0.973277691
0.977705475
0.978243033
0.979332296
0.982600085
0.983533739
0.985981044
0.986065922
0.987820059
0.988131277
0.988838591
0.988824445
0.987947376
0.990083463
0.988286886
0.989673221
0.988782006
0.989616636
0.990521997
0.99005517
0.991144433
0.990960532
0.991073702
0.990451266
0.99305418
0.992587353
0.993521007
0.990352242
0.993379544
0.992559061
0.99210638
0.9926015
0.98982883
0.992063941
0.990097609
0.989036639
0.990224926
0.99077663
0.989729806
0.989984439
0.994143443
0.995657094
0.995345876
0.994836611
0.993676616
0.997708304
0.996534163
0.998245862
0.997807328
0.997453671
0.997920498
0.997411232
0.997764889
0.998472203
0.997340501
0.996901966
0.996222945
0.997637572
0.998458056
0.998755128
0.998231716
1
0.998175131
0.996916113
0.998528788
0.997340501
0.996831235
0.995317584
0.993040034
0.993506861
0.990804923
0.989376149
0.988541519
0.98649031
0.982925449
0.980704484
0.979120102
0.976686943
0.973008912
0.968694299
0.96614797
0.96292262
0.959725562
0.954491442
0.949497807
0.942608573
0.935054463
0.928250106
0.917498939
0.903904371
0.876290847
0.794313198
0.63013156
0.435082756
0.270391852
0.189446881
0.161720187
0.146046117
0.135266657
0.127118404
0.120384779
0.113453105
0.107539963
0.10261706
0.097821474
0.093294667
0.089008346
0.085075683
0.081510822
0.077394257
0.07404159
0.0705899
0.06770406
0.06520017
0.062823596
0.060107512
0.058042156
0.055566558
0.053402179];
